
# Sigma values:
# [ 11.73974806   7.12980589   5.7961278    5.42076852   5.14285541
#    5.04236797   4.56298962   4.40431386   4.27452737   4.17569911
#    4.15881796   4.03045223   3.97724699   3.9505773    3.89171445
#    3.83961348   3.81958939   3.77127033   3.71646164   3.64392962
#    3.63699783   3.60298089   3.53654963   3.515561     3.48921421
#    3.47915454   3.45704417   3.4372796    3.40239513   3.39525202
#    3.3702935    3.34238357   3.33705473   3.31413653   3.28629569
#    3.2701857    3.25646192   3.25076075   3.24099585   3.22005409
#    3.20318873   3.19285258   3.18400142   3.17070884   3.16093253
#    3.14958697   3.14466102   3.13702727   3.12582614   3.11002224
#    3.0917035    3.08419307   3.0785307    3.06366457   3.04933845
#    3.04791121   3.02846154   3.02203728   3.01631911   2.99854729
#    2.99593056   2.98847715   2.97614818   2.96649595   2.96074752
#    2.95045383   2.94582397   2.92959952   2.92379886   2.91986127
#    2.91100149   2.90009047   2.88478681   2.8783957    2.8661786
#    2.86434168   2.85642155   2.84511195   2.83979055   2.83623618
#    2.83080504   2.82984076   2.82818686   2.81248098   2.80339042
#    2.80015278   2.78325528   2.78147352   2.78022855   2.77485505
#    2.76839639   2.76397673   2.7575968    2.74882039   2.74223791
#    2.73741969   2.73234479   2.7259459    2.72150839   2.71397151
#    2.71287709   2.70755546   2.70093132   2.69469783   2.69077936
#    2.68749921   2.68499592   2.68029516   2.67781982   2.66958162
#    2.66624214   2.65369637   2.65142834   2.64799903   2.64504204
#    2.63678779   2.629494     2.62479944   2.6215418    2.6150071
#    2.61384597   2.61100483   2.60562401   2.6017239    2.59800343
#    2.59548672   2.59037931   2.58500324   2.58077281   2.5777918
#    2.57159576   2.56411105   2.559616     2.5578909    2.55517386
#    2.55280724   2.54531623   2.53933944   2.53764628   2.53453118
#    2.53366128   2.52808993   2.52669152   2.51915393   2.51654154
#    2.51320073   2.50868401   2.50699886   2.50400376   2.49936642
#    2.49619315   2.48994992   2.48808646   2.4848877    2.48293171
#    2.48256352   2.47683968   2.47114639   2.4646976    2.46253357
#    2.46013005   2.45482729   2.4529089    2.44901209   2.44560059
#    2.44301055   2.44135094   2.44069052   2.43176164   2.4254861
#    2.42468796   2.41923073   2.41733205   2.41207785   2.40964985
#    2.40797101   2.40412916   2.40103041   2.39672388   2.3948854
#    2.39135747   2.38657019   2.38465373   2.38255217   2.38064442
#    2.37947233   2.37658227   2.3742077    2.37074226   2.36697551
#    2.36631653   2.3629336    2.35921148   2.35589104   2.35393922
#    2.35209729   2.3489328    2.34515936   2.34160716   2.34013677]